1759992088707 0.38597406322757405 0
1759992090861 0.0945912313958009 1
1759992092742 0.09028526457647483 2
1759992094584 0.08657299975554149 3
1759992096791 0.08474511342744033 4
1759992098895 0.08326446637511253 5
1759992101036 0.0818704819927613 6
1759992103216 0.08104195135335128 7
1759992105126 0.08076288116474946 8
1759992107007 0.08029443273941676 9
1759992108983 0.07982037713130315 10
1759992110939 0.07909790488580863 11
1759992113226 0.07933044247329235 12
1759992115311 0.07906608656048775 13
1759992117298 0.07907324222226937 14
1759992119095 0.07913536950945854 15
1759992120998 0.07878337614238262 16
1759992122935 0.07866669818758965 17
1759992125186 0.0778758991509676 18
1759992127022 0.07913896379371484 19
1759992128890 0.08464038620392482 20
1759992130701 0.0813947847733895 21
1759992132530 0.07919908625384171 22
1759992134466 0.07868580085535844 23
1759992136316 0.07852406427264214 24
1759992138293 0.07839015871286392 25
1759992140170 0.07849035287896793 26
1759992142034 0.07850839818517368 27
1759992143977 0.07842595006028812 28
1759992145914 0.07844520298143227 29
1759992147978 0.07839475696285565 30
1759992150250 0.07836165713767211 31
